[1.53       1.55011494 1.57022989 1.59034483 1.61045977 1.63057471
 1.65068966 1.6708046  1.69091954 1.71103448 1.73114943 1.75126437
 1.77137931 1.79149425 1.8116092  1.83172414 1.85183908 1.87195402
 1.89206897 1.91218391 1.93229885 1.95241379 1.97252874 1.99264368
 2.01275862 2.03287356 2.05298851 2.07310345 2.09321839 2.11333333
 2.13344828 2.15356322 2.17367816 2.1937931  2.21390805 2.23402299
 2.25413793 2.27425287 2.29436782 2.31448276 2.3345977  2.35471264
 2.37482759 2.39494253 2.41505747 2.43517241 2.45528736 2.4754023
 2.49551724 2.51563218 2.53574713 2.55586207 2.57597701 2.59609195
 2.6162069  2.63632184 2.65643678 2.67655172 2.69666667 2.71678161
 2.73689655 2.75701149 2.77712644 2.79724138 2.81735632 2.83747126
 2.85758621 2.87770115 2.89781609 2.91793103 2.93804598 2.95816092
 2.97827586 2.9983908  3.01850575 3.03862069 3.05873563 3.07885057
 3.09896552 3.11908046 3.1391954  3.15931034 3.17942529 3.19954023
 3.21965517 3.23977011 3.25988506 3.28      ] 
 [-2.44897959e-04  2.73265306e-03 -1.75714286e-03 -1.76530612e-03
 -7.73469388e-04 -1.88775510e-03 -1.22653061e-03  9.59183673e-04
 -2.70000000e-03 -1.22244898e-03  6.34693878e-04 -7.22448980e-04
  3.36734694e-04 -7.34693878e-05 -2.00000000e-04 -1.13061224e-03
 -1.40612245e-03 -2.31632653e-03  5.44897959e-04 -1.00816327e-03
 -4.24489796e-04 -3.17551020e-03 -1.28979592e-03 -1.22653061e-03
 -3.41428571e-03 -1.99591837e-03 -1.74285714e-03  4.06122449e-04
  3.81224490e-03 -1.11020408e-03 -6.32653061e-05  3.36734694e-04
 -2.63469388e-03 -6.08163265e-04  1.81632653e-04 -7.16326531e-04
 -1.17959184e-03 -1.05510204e-03  2.69183673e-03  9.59183673e-05
 -2.24081633e-03  5.04081633e-04  1.34693878e-03 -2.90204082e-03
 -1.51428571e-03 -2.36734694e-04 -2.08367347e-03  1.46938776e-03
 -1.31224490e-03  1.09795918e-03 -3.93877551e-04  1.20408163e-03
  1.92857143e-03  1.80408163e-03  6.30612245e-04  1.38775510e-03
 -1.11632653e-03  5.32653061e-04  4.08163265e-04 -4.10204082e-04
 -1.41428571e-03 -2.80408163e-03 -1.71020408e-03 -1.02040816e-04
 -6.22448980e-04  9.65306122e-04  1.67755102e-03  1.02244898e-03
  8.83673469e-04 -3.49183673e-03  1.14693878e-03 -5.20408163e-04
 -1.26530612e-03  4.08163265e-06  1.20408163e-04 -1.00000000e-03
 -3.59183673e-04 -2.22040816e-03 -9.18367347e-04  4.24489796e-04
  6.48979592e-04  9.89795918e-04 -1.62244898e-03  1.07346939e-03
  1.95918367e-04 -1.24285714e-03  8.95918367e-04 -1.38163265e-03] 
 [-1.55510204e-03  2.53469388e-03 -1.11428571e-03  6.89795918e-04
  2.35510204e-03 -2.44489796e-03  1.62857143e-03  5.91836735e-04
  2.33061224e-03  1.71836735e-03  1.26938776e-03  1.22448980e-05
  6.93877551e-05  1.42857143e-04  1.22857143e-03  3.21224490e-03
  8.20408163e-04  1.26938776e-03 -1.07346939e-03 -8.12244898e-04
 -2.64081633e-03 -2.44489796e-03  2.32653061e-04  3.43265306e-03
  1.32653061e-03 -1.30204082e-03  1.40816327e-03  2.20816327e-03
 -1.60408163e-03  1.82448980e-03  1.36734694e-03  3.14285714e-04
 -2.28979592e-03  7.38775510e-04 -1.59591837e-03 -1.81632653e-03
 -1.10204082e-04 -4.61224490e-04  2.40816327e-04  2.85714286e-05
  3.38367347e-03  1.26530612e-04  2.01224490e-03 -3.87755102e-04
 -1.57959184e-03 -1.96326531e-03  2.00000000e-04  8.93877551e-04
 -1.22857143e-03 -1.13877551e-03  1.67755102e-03 -7.87755102e-04
 -1.47346939e-03  9.59183673e-04  3.07346939e-03 -5.05714286e-03
  5.01632653e-03 -1.92244898e-03  2.72244898e-03 -6.65306122e-04
  9.51020408e-04 -1.93877551e-03  1.91836735e-04  3.80000000e-03
  1.97142857e-03  1.08163265e-03 -4.02040816e-03 -6.97959184e-04
 -2.61632653e-03 -1.79183673e-03 -4.44897959e-04 -5.67346939e-04
  2.14285714e-03  8.77551020e-04 -4.32244898e-03 -1.67755102e-03
  4.20408163e-04 -2.09387755e-03  4.08163265e-06 -9.59183673e-04
  4.85714286e-04 -2.81632653e-04 -1.36734694e-03  3.76734694e-03
 -1.72653061e-03 -3.30204082e-03  6.73469388e-04  1.43265306e-03] 
 [0.22892381 0.23200466 0.25637792 0.24834371 0.2083373  0.21537351
 0.23130788 0.22394886 0.1508771  0.18399621 0.23398    0.21262706
 0.19969792 0.23838948 0.17419763 0.16870287 0.16634504 0.18185343
 0.17725504 0.14314101 0.18676972 0.15500849 0.15213767 0.16391199
 0.16815144 0.16266914 0.165126   0.14478147 0.12821323 0.13386471
 0.1419021  0.12361964 0.13740507 0.11493756 0.13128669 0.13378275
 0.1000205  0.10923228 0.1050558  0.10505221 0.10568547 0.13338527
 0.106628   0.109362   0.09530707 0.10685755 0.10275938 0.1029591
 0.09186544 0.11314241 0.08379561 0.0853649  0.08137819 0.10361349
 0.08260475 0.08968243 0.07100445 0.0855605  0.07081414 0.07870823
 0.09119913 0.08377085 0.07538198 0.08312883 0.07503598 0.08691019
 0.06931818 0.08005825 0.06574162 0.07032394 0.0669629  0.06233261
 0.06856976 0.08080571 0.07607932 0.06524862 0.05373484 0.06567048
 0.05275914 0.05818633 0.05514955 0.0688018  0.06161031 0.04735901
 0.05009323 0.05923094 0.04258191 0.04469895]  
 [0.65031131 0.74470526 0.58237243 0.70632402 0.56980142 0.64547417
 0.69540506 0.5797668  0.67101467 0.55598969 0.5903342  0.536128
 0.61461054 0.52916008 0.52869445 0.54332697 0.51628102 0.52330649
 0.50713334 0.56808001 0.50981668 0.53181474 0.44658878 0.50759476
 0.54522161 0.51847025 0.4298281  0.51287712 0.43586968 0.41144394
 0.43912023 0.44206064 0.51994516 0.42705122 0.43845007 0.47159523
 0.42310823 0.42510154 0.34195822 0.37139475 0.43319756 0.34297906
 0.42189401 0.39184933 0.39364281 0.36667092 0.47794729 0.39671836
 0.45426433 0.37907264 0.41623026 0.44815544 0.39028646 0.38781507
 0.38969014 0.40712783 0.36333894 0.32745421 0.40559    0.36306187
 0.38122064 0.35488127 0.35217721 0.41656375 0.34752591 0.32125166
 0.35526469 0.31701721 0.34733066 0.43599721 0.38177754 0.32159859
 0.3534669  0.31324541 0.33654656 0.35594345 0.31286497 0.35312828
 0.32733372 0.27674676 0.3112096  0.27225678 0.3686533  0.34043074
 0.32188053 0.29788785 0.30393318 0.33707192] 
 [-1199.49094801 -1224.31316484 -1172.22837154 -1304.33165184
  -992.04507396 -1552.62002529 -1631.3697265  -1197.38743747
 -1259.26267904 -1101.63642063 -1130.55179122 -1025.44376193
 -1374.19347542 -1483.46275558 -1154.72604571 -1255.90120967
 -1120.29849698 -1266.06039966 -1292.95220256 -1591.15935695
 -1239.2162483  -1211.93932202  -864.00097912 -1257.43150197
 -1194.31606104 -1197.47360813 -1028.7566581  -1126.6005469
 -1140.673146    -968.43089397 -1186.7175141  -1001.08535566
 -1655.09589389  -994.972002   -1227.48863359 -1193.78358824
 -1051.98051677 -1166.44107538  -875.04188363 -1064.75620809
 -1159.65497018  -842.12626408 -1139.25029693 -1089.99427164
 -1159.25712101 -1151.89423075 -1343.99157157 -1107.1337145
 -1379.61341428 -1103.55806338 -1228.25576743 -1320.16941403
 -1071.7920181  -1230.86459358 -1295.35974507 -1450.05317785
 -1046.90442294 -1046.38225406 -1573.07892812 -1351.01828439
 -1240.82447618 -1190.9096478  -1207.85740576 -1486.62027155
 -1225.45789825 -1200.72915502 -1336.783287   -1104.78063386
 -1234.72609496 -2156.90399748 -1169.23036867 -1047.91634609
 -1277.14527726 -1179.09131165 -1224.76707466 -1298.00853675
 -1040.312426   -1207.62175974 -1024.00967031 -1108.8611645
 -1189.13023672 -1054.60347601 -1267.27787799 -1156.8409075
 -1265.00470567 -1035.08936435 -1345.11532354 -1306.26757328]  
