[1.53       1.55011494 1.57022989 1.59034483 1.61045977 1.63057471
 1.65068966 1.6708046  1.69091954 1.71103448 1.73114943 1.75126437
 1.77137931 1.79149425 1.8116092  1.83172414 1.85183908 1.87195402
 1.89206897 1.91218391 1.93229885 1.95241379 1.97252874 1.99264368
 2.01275862 2.03287356 2.05298851 2.07310345 2.09321839 2.11333333
 2.13344828 2.15356322 2.17367816 2.1937931  2.21390805 2.23402299
 2.25413793 2.27425287 2.29436782 2.31448276 2.3345977  2.35471264
 2.37482759 2.39494253 2.41505747 2.43517241 2.45528736 2.4754023
 2.49551724 2.51563218 2.53574713 2.55586207 2.57597701 2.59609195
 2.6162069  2.63632184 2.65643678 2.67655172 2.69666667 2.71678161
 2.73689655 2.75701149 2.77712644 2.79724138 2.81735632 2.83747126
 2.85758621 2.87770115 2.89781609 2.91793103 2.93804598 2.95816092
 2.97827586 2.9983908  3.01850575 3.03862069 3.05873563 3.07885057
 3.09896552 3.11908046 3.1391954  3.15931034 3.17942529 3.19954023
 3.21965517 3.23977011 3.25988506 3.28      ] 
 [-1.49414063e-03 -8.93554688e-03 -7.84179687e-03  1.68945312e-03
 -6.09375000e-03 -1.09082031e-02 -8.30078125e-04 -2.52929687e-03
 -8.21289063e-03 -9.77539062e-03 -3.65234375e-03 -1.21093750e-03
 -4.39453125e-03 -1.16210937e-03  2.27539063e-03 -4.40429687e-03
 -3.08593750e-03 -4.13085938e-03 -1.46484375e-04 -2.62695312e-03
 -3.03710937e-03 -2.72460938e-03 -3.13476562e-03 -5.19531250e-03
  6.71875000e-03  1.18164062e-03 -5.02929688e-03  6.63085938e-03
 -5.17578125e-04 -4.42382813e-03 -2.78320313e-03  2.51953125e-03
 -6.02539062e-03 -4.90234375e-03 -5.66406250e-04  3.90625000e-05
  1.14257812e-03 -4.58984375e-04  7.51953125e-04 -7.81250000e-03
  1.54296875e-03 -2.03125000e-03 -6.80664062e-03 -4.35546875e-03
 -5.25390625e-03 -1.11328125e-03 -5.37109375e-04  1.34765625e-03
 -2.25585938e-03 -3.54492187e-03 -9.76562500e-06 -2.88085938e-03
 -7.32421875e-04  1.43554687e-03 -4.58984375e-04  3.39843750e-03
  2.92968750e-04 -2.37304688e-03 -5.15625000e-03 -3.26171875e-03
 -4.58984375e-04 -1.86523438e-03  2.24609375e-04 -3.51562500e-03
  9.76562500e-05  5.30273437e-03 -3.26171875e-03 -6.83593750e-03
 -1.34765625e-03 -6.41601563e-03 -4.03320312e-03 -8.13476563e-03
 -6.25000000e-04 -2.67578125e-03 -3.12500000e-04 -1.55273438e-03
 -6.20117188e-03 -3.73046875e-03  1.04492188e-03  3.71093750e-04
 -1.97265625e-03 -2.08007812e-03  4.78515625e-04 -7.81250000e-05
 -3.12500000e-03 -5.46875000e-04 -1.99218750e-03 -2.63671875e-03] 
 [ 0.00539063 -0.00144531  0.00648438  0.00253906  0.0003125   0.00195312
 -0.00175781  0.003125    0.00914062  0.00019531 -0.00601563 -0.00421875
 -0.00015625 -0.00039063  0.00960937  0.00625     0.00015625 -0.00085938
  0.00617188 -0.00046875  0.003125   -0.0034375   0.         -0.00414063
 -0.00078125  0.00261719  0.00113281  0.0025     -0.00257813 -0.00347656
 -0.00191406 -0.00042969 -0.00429688  0.00171875 -0.00125    -0.00117187
 -0.00523438 -0.00058594  0.00339844  0.00132813 -0.00402344 -0.00125
  0.00023437  0.00625    -0.00070312 -0.00257813  0.00222656 -0.00066406
  0.00550781 -0.00449219 -0.00554687  0.00503906  0.00460937 -0.0021875
  0.00941406  0.004375   -0.00417969  0.00402344  0.00578125  0.00929687
 -0.00410156 -0.00339844  0.00042969  0.00195312 -0.00117187 -0.004375
 -0.00230469  0.00039063  0.00128906 -0.00449219  0.00132813 -0.00570312
  0.00199219  0.00132813  0.00046875  0.00160156  0.00285156 -0.00628906
  0.000625    0.00261719  0.00441406  0.00101563 -0.00109375  0.00203125
 -0.00574219 -0.00371094  0.00085938  0.0034375 ] 
 [0.20126965 0.26324236 0.22597651 0.20823866 0.23338331 0.20047597
 0.23802282 0.24207001 0.18826673 0.20654942 0.21752879 0.18207596
 0.2070646  0.19106195 0.17323736 0.16870026 0.15688911 0.17499081
 0.15891279 0.15549    0.14296921 0.16654148 0.15873725 0.15794304
 0.15864485 0.14131696 0.1421794  0.13850994 0.13145787 0.11007096
 0.14039194 0.13627005 0.14659728 0.0928791  0.10491803 0.14244981
 0.10862263 0.11270001 0.12160121 0.09383099 0.12420654 0.11091702
 0.10082139 0.10368378 0.11120064 0.0818978  0.10047748 0.09737293
 0.10550474 0.09662856 0.09996835 0.08469004 0.0852659  0.0752342
 0.08205102 0.08221759 0.07207533 0.09625162 0.07344625 0.08329418
 0.07033941 0.08298448 0.06941307 0.07098043 0.08576006 0.08428238
 0.07217736 0.06781321 0.06693712 0.06339546 0.0767925  0.08086813
 0.05156634 0.05850384 0.06106124 0.05987987 0.05904911 0.0616733
 0.06739311 0.07010875 0.05223238 0.06340514 0.0508431  0.05801899
 0.0680963  0.05171573 0.06258006 0.06021617]  
 [0.63862234 0.61367198 0.66591663 0.62102663 0.71173774 0.54867062
 0.59155554 0.68342821 0.56506884 0.55087631 0.61589408 0.61454171
 0.47473246 0.57326011 0.63140601 0.59498247 0.53789096 0.63008943
 0.51634861 0.58552488 0.50571241 0.55017154 0.58174057 0.48631296
 0.41431011 0.46841618 0.53667171 0.41361298 0.43989602 0.54051884
 0.55847803 0.46240208 0.39871574 0.42443326 0.33576372 0.45760706
 0.46297563 0.48435807 0.41470965 0.45482017 0.34728799 0.38861164
 0.34712454 0.43457462 0.37073328 0.41918939 0.34137918 0.39600744
 0.4234341  0.48884565 0.3340109  0.42499711 0.35339686 0.37406947
 0.41109716 0.42374616 0.34308632 0.3113251  0.42762515 0.3961138
 0.33283236 0.36818498 0.41410821 0.30117563 0.42403172 0.36430105
 0.29279505 0.317297   0.34216379 0.33336107 0.37839297 0.30053037
 0.33487273 0.29719639 0.27955885 0.3236099  0.35519055 0.29631074
 0.27566457 0.31205499 0.28986217 0.35897421 0.31319733 0.35841282
 0.26325012 0.29723065 0.28882297 0.3431612 ] 
 [-255.78992752 -230.70943117 -270.13247547 -253.56621654 -310.78916758
 -187.89509188 -297.09758307 -274.0700892  -269.20857326 -242.28410001
 -262.43416146 -272.24890367 -215.31066518 -275.07180892 -288.3461813
 -246.46374959 -246.20752941 -259.69439294 -316.52145685 -273.8259373
 -263.56395534 -240.29271831 -288.36928105 -222.72049224 -208.43824154
 -308.91281085 -254.02185676 -204.97938644 -227.66802168 -356.62117182
 -272.52726637 -254.05640543 -271.4009324  -225.35546613 -197.81232493
 -307.82302012 -252.51536784 -252.56508995 -239.2921612  -310.83778437
 -178.69552296 -282.28315412 -207.84053576 -321.82983891 -208.17140697
 -217.01426243 -229.31425469 -217.99657343 -249.01502141 -332.77136712
 -252.72594894 -272.20864612 -212.08422908 -264.91954577 -260.84297266
 -246.93185722 -241.31328727 -196.38744286 -260.90952701 -289.38042396
 -219.65966709 -245.40309007 -283.14020787 -197.21662344 -286.70571827
 -218.20365077 -208.13793854 -224.29089665 -239.83935838 -255.03717611
 -292.08607287 -190.4527831  -247.86694316 -223.74728356 -211.59939517
 -298.94833929 -309.13574487 -206.35620112 -205.0312119  -340.05483001
 -226.08211653 -264.15371901 -228.97772549 -245.68263908 -218.44851085
 -219.33842589 -217.48680936 -250.37902072]  
