[1.53       1.55011494 1.57022989 1.59034483 1.61045977 1.63057471
 1.65068966 1.6708046  1.69091954 1.71103448 1.73114943 1.75126437
 1.77137931 1.79149425 1.8116092  1.83172414 1.85183908 1.87195402
 1.89206897 1.91218391 1.93229885 1.95241379 1.97252874 1.99264368
 2.01275862 2.03287356 2.05298851 2.07310345 2.09321839 2.11333333
 2.13344828 2.15356322 2.17367816 2.1937931  2.21390805 2.23402299
 2.25413793 2.27425287 2.29436782 2.31448276 2.3345977  2.35471264
 2.37482759 2.39494253 2.41505747 2.43517241 2.45528736 2.4754023
 2.49551724 2.51563218 2.53574713 2.55586207 2.57597701 2.59609195
 2.6162069  2.63632184 2.65643678 2.67655172 2.69666667 2.71678161
 2.73689655 2.75701149 2.77712644 2.79724138 2.81735632 2.83747126
 2.85758621 2.87770115 2.89781609 2.91793103 2.93804598 2.95816092
 2.97827586 2.9983908  3.01850575 3.03862069 3.05873563 3.07885057
 3.09896552 3.11908046 3.1391954  3.15931034 3.17942529 3.19954023
 3.21965517 3.23977011 3.25988506 3.28      ] 
 [-0.01234375  0.00128906 -0.01441406 -0.01128906  0.00503906 -0.02277344
 -0.02175781  0.00425781 -0.00316406 -0.01136719 -0.00785156 -0.00609375
 -0.00101563 -0.00632813 -0.01269531 -0.01480469  0.00117187 -0.01917969
 -0.01378906  0.00085938 -0.01078125 -0.01886719 -0.01324219 -0.00570312
 -0.00171875 -0.00878906 -0.01246094 -0.00613281  0.00105469 -0.00375
 -0.01820313  0.00253906 -0.00949219 -0.01410156 -0.01109375 -0.00960937
 -0.01898438 -0.00574219 -0.01367188 -0.00675781  0.00402344  0.00027344
 -0.00359375 -0.00234375 -0.0071875  -0.00359375  0.00558594 -0.01074219
 -0.00609375 -0.00757812  0.00394531 -0.01722656 -0.01       -0.00273438
 -0.00398438 -0.00019531  0.000625   -0.00164062 -0.01277344 -0.00566406
  0.005      -0.00570312 -0.01601562 -0.01261719 -0.00394531  0.
 -0.01019531 -0.00042969 -0.01386719 -0.0190625  -0.01359375 -0.00351563
 -0.01335937 -0.01632812 -0.00578125  0.00214844  0.00085938 -0.01101562
 -0.02039062 -0.00445313  0.00601563 -0.01144531 -0.02023437 -0.01476563
 -0.00199219 -0.01542969 -0.00605469 -0.0125    ] 
 [-0.00359375  0.0053125  -0.01125    -0.00203125 -0.0025     -0.0034375
 -0.01171875 -0.00078125 -0.0159375   0.0075      0.00875    -0.021875
  0.003125   -0.0096875   0.00078125  0.00234375 -0.011875    0.0078125
  0.00734375  0.00734375 -0.01328125 -0.00125    -0.00328125 -0.0015625
 -0.00515625 -0.0046875  -0.01890625 -0.00375    -0.01296875 -0.00859375
  0.00265625 -0.00328125 -0.008125   -0.0021875  -0.015625   -0.00890625
 -0.01765625 -0.0059375   0.003125    0.0128125   0.0065625   0.00671875
  0.001875    0.0115625   0.000625    0.00078125 -0.02484375  0.00515625
  0.00234375 -0.00546875 -0.00296875  0.008125   -0.01015625  0.015625
  0.00140625 -0.00046875 -0.01203125 -0.01359375  0.01984375 -0.00578125
 -0.00578125  0.00390625  0.0134375   0.00203125  0.0003125   0.00109375
  0.0090625   0.0034375  -0.00234375 -0.0065625  -0.0075     -0.00125
 -0.00109375 -0.01109375 -0.0075     -0.00765625  0.00703125  0.0021875
 -0.011875    0.0009375  -0.0009375  -0.00359375 -0.0078125   0.00140625
  0.0078125   0.01265625 -0.00390625 -0.00203125] 
 [0.21416643 0.24311524 0.23990996 0.18988702 0.22436551 0.20173152
 0.21946867 0.21032492 0.19825055 0.20506068 0.17464133 0.16292979
 0.19834244 0.16069955 0.17268382 0.15943469 0.13083168 0.18630256
 0.13818352 0.15341896 0.1892097  0.13949129 0.13552559 0.1340577
 0.12228407 0.14872251 0.1210876  0.15916618 0.1270476  0.10969566
 0.10298667 0.13146742 0.09933194 0.10792262 0.1132839  0.09942952
 0.11346737 0.10240602 0.10718004 0.12192872 0.10641509 0.1028111
 0.08514283 0.08577644 0.09588214 0.10349039 0.08224937 0.08791166
 0.0730126  0.08477964 0.07463776 0.0783668  0.095231   0.08198717
 0.08412838 0.08620173 0.07525231 0.0750755  0.08819226 0.07767585
 0.06624467 0.0781018  0.06693106 0.07597112 0.0691634  0.06824451
 0.06481969 0.07309603 0.06799233 0.06554967 0.06347681 0.07079666
 0.06909863 0.06147735 0.06088816 0.06250758 0.06047674 0.06985267
 0.05610611 0.05094687 0.05088351 0.05771325 0.04836928 0.06347874
 0.06148298 0.05748944 0.04329186 0.04049525]  
 [0.69124898 0.65806007 0.65398067 0.62882491 0.66532243 0.64846385
 0.5900706  0.66713273 0.67825152 0.53412132 0.59034476 0.44253741
 0.49749367 0.53495497 0.71671001 0.54420637 0.49192989 0.55815674
 0.51265887 0.57557797 0.59916893 0.51789739 0.45987844 0.58802222
 0.52657131 0.50997699 0.53394646 0.50062625 0.56977974 0.49593972
 0.48125654 0.49754678 0.48973441 0.5309041  0.47060446 0.48325865
 0.44517504 0.4802099  0.4047956  0.44291484 0.39824581 0.45331367
 0.39230216 0.46903787 0.43424432 0.42385025 0.47990755 0.39558658
 0.40395871 0.46221918 0.39352246 0.40770001 0.39182645 0.37845347
 0.44632783 0.3991066  0.37001575 0.36300847 0.33610418 0.37891284
 0.45057364 0.388994   0.4083605  0.37426997 0.32055539 0.38290641
 0.3358582  0.43823826 0.37548481 0.44243463 0.41805847 0.33780279
 0.36228543 0.30451699 0.37792706 0.36663376 0.3253872  0.31373518
 0.37685156 0.37389024 0.26458014 0.4000433  0.28223458 0.3346765
 0.30899078 0.33549786 0.33627288 0.32089891] 
 [-60.4124594  -66.18776758 -57.90338164 -50.78756639 -70.30417881
 -67.1307344  -56.56989931 -70.23633305 -76.08185563 -50.8564941
 -67.77094745 -46.62658392 -56.76990314 -56.63923094 -80.39879663
 -64.06758592 -51.80615942 -56.51450139 -60.54264312 -61.69308425
 -68.58032612 -56.73877215 -63.92025244 -65.97173333 -64.83259739
 -64.70901064 -80.55226659 -70.78820698 -95.88877348 -71.50934996
 -54.25240848 -62.59389877 -72.4128655  -72.4148784  -71.53900709
 -69.80495534 -52.64234097 -62.83019227 -53.12149742 -53.2675518
 -57.23413762 -64.20720195 -55.74312542 -68.97607215 -66.64560985
 -71.76899788 -68.50885296 -52.18678985 -65.63733085 -68.84098023
 -63.51205008 -52.72043011 -61.88239516 -49.41536214 -73.57283026
 -71.05266805 -75.807979   -58.18144264 -54.21055574 -57.43602949
 -69.56277932 -66.58311499 -59.43644299 -60.29394211 -51.02399077
 -72.11015243 -58.19343696 -65.81129272 -59.20212461 -89.05990338
 -86.50684932 -67.02001251 -62.85983203 -56.58579346 -63.17549609
 -84.69452987 -59.97652582 -63.87796464 -65.82881926 -68.7920686
 -52.26410835 -81.45218681 -53.17105871 -66.31757611 -55.36211932
 -60.68309124 -63.00265831 -77.71178391]  
